// entity id, component, component data
0,text,"ECS test print w00t!!"
0,visible,true
1,text,"heap data: init"
1,position,0.0,0.0
1,visible,true
2,linebuffer,-80,-50,1.0,0.0,0.0,1.0,-80,50,0.0,1.0,0.0,1.0,-80,50,0.0,1.0,0.0,1.0,80,50,0.0,0.0,1.0,1.0,80,50,0.0,0.0,1.0,1.0,80,-50,1.0,1.0,1.0,0.5,80,-50,1.0,1.0,1.0,0.5,-80,-50,1.0,0.0,0.0,1.0
2,visible,true
2,position,160,100
3,tribuffer,-60,-80,1.0,0.0,0.0,0.1,-60,80,0.0,1.0,0.0,0.1,60,80,0.0,0.0,1.0,0.1,-60,-80,1.0,0.0,0.0,0.1,60,80,0.0,0.0,1.0,0.1,60,-80,1.0,1.0,1.0,0.1
3,visible,true
3,position,160,100
